2220000000000000000000000000000000000000000000000000000000000000000000000000000000001111111111111111
2220000000000000000000000000000000000000000000000000000000000000000000000000000000001111111111111111
2220000000200000000000020000000000000000000000006060600000000000000000000000000000001111111111111111
2222200000200000000000022000000000000000000000006666600000000000000000000000000000011111111111111111
2222200000220000000000022220000000000006060606006666600000000000000000000000000000111111111111111111
2222200002224444220000222222220000000006666666006666600000000001100000000000000000111111111111111111
2222200002222222222000222222222000022226666666222222244444444440000000000000003001111111111111111111
2222222222222222222200022222200002222222222222222222222222222220000011000011111111111111111111111111
1111111111111111111110000000000011111111111111111111111111111110000000000011111111111111111111111111
1111111111111111111111000000011111111111111111111111111111111110000000000011111111111111111111111111
1111111111111111111111111441111111111111111111111111111111111110000000000011111111111111111111111111
1111111111111111111111111111111111111111111111111111111111111110000000000011111111111111111111111111
1111111111111111111111111111111111111111111111111111111111111110000000000011111111111111111111111111
1111111111111111111111111111111111111111111111111111111111111110000000000011111111111111111111111111
1111111111111111111111111111111111111111111111111111111111111110000000000011111111111111111111111111
-1700
150