0000000000000000000000000000000000000000000000000000000000000000000000000000000000000000000000000000
0000000000000000000000000000000000000000000000000000000000000000000000000000000000000000000000000000
0000000000000000000000000000000000000000000000000000000000000000000000000000000000000000000000000000
0000000000000000000000000000000000000000000000000000000000000000000000000000000000000000000000000000
1111100000000000000000000000000000000000000000000000000000000000000000000000110000000000000000000000
1111111100000000000000000000000000000000000000000000000000000000000000000022222222200000000000000000
1111111111111000000000000000000000000000000000000000000000000000000011111111111111111110000000000000
2222222222222222222200000000000002222222222222222200000000011111111111111111111111111111111111111111
1111111111111111111100000000000001111111111100000000011111111111111111111111111111111111111111111111
1111111111111111111100000000000001111111111111111111111111111111111111111111111111111111111111111111
1111111111111111111100000000000001111111111111111111111111111111111111111111111111111111111111111111
1111111111111111111100000000000001111111111111111111111111111111111111111111111111111111111111111111
1111111111111111111100000000000001111111111111111111111111111111111111111111111111111111111111111111
1111111111111111111100000000000001111111111111111111111111111111111111111111111111111111111111111111
90,17
10,17
