0000000000000000000000000000000000000000000000000000000000000000000000000000000000000000000000000000
0000000000000000000000000000000000000000000000000000000000000000000000000000000000000000000000000000
0000000000000000000000000000000000000000000000000000000000000000000000000000000000000000909090909000
0000770000000000000000000000000000000000000000000000000000000000000000000000000000000000999999999000
0007777770000000000000000000909090000000000000000000000000000000000007744400000000000000999999999000
0077777777770000000000000000999990000000000000000000000000000009000007777740044444000000999999999000
0777777777777700000000000000999990000000000000000000000009000004444447111770077777444444999939999444
7777777777777777777777777777777777707777744444477777444444444447777777111170077777777777777707777777
7111111111111111111111111111111177007111777777771117777777777777111111111170000000000000000000000007
7111111177777777777111111111111770077111111111111111111111111111111111111177777777777777777777777777
7777777770000000007777777777777700771111111111111111111111111111111111111111111111111111111111111111
0000000000000000000000000000000007711111111111111111111111111111111111111111111111111111111111111111
0000000000004000400000000000000007111111111111111111111111111111111111111111111111111111111111111111
7777777777777777777777777777777777111111111111111111111111111111111111111111111111111111111111111111
1111111111111111111111111111111111111111111111111111111111111111111111111111111111111111111111111111
-1500
150