0000000000000000000000000000000000000000000000000000000000000000000000000000000000000000000000000000
2000000000000000000000000000000000000000000000000000000000000000000000000222000000000000000000000000
2200000000000000000000000000000000000000000000000000000000000000000000222222000000000000000000000000
2222000000000000000000000000000000000000000000000000000000000000000002222220000000000000000000000000
2222000000000000000000000000000000000000000000000000000000000000000000000200000000000000000000000000
2222000000000000000000022000220000000000000000000000020000000000000002220000220000040000040000400003
2222222000000002220000222000222200000024442000000020022444422222222222222222222222222222222222222222
2222222222222222222222222222222222222222222222222222222222221111111111111111111111111111111111111111
1111111111111111111111111111111111111111111111111111111111111111111111111111111111111111111111111111
1111111111111111111111111111111111111111111111111111111111111111111111111111111111111111111111111111
1111111111111111111111111111111111111111111111111111111111111111111111111111111111111111111111111111
1111111111111111111111111111111111111111111111111111111111111111111111111111111111111111111111111111
1111111111111111111111111111111111111111111111111111111111111111111111111111111111111111111111111111
1111111111111111111111111111111111111111111111111111111111111111111111111111111111111111111111111111
1111111111111111111111111111111111111111111111111111111111111111111111111111111111111111111111111111
-1600
150