0000000000000000000000000000000000000000000000000000200000000000000000000000000000000000000000000000
0000000000000000000000000000000000000000000000000000200000000000000000000000000000000000000000000000
0000000000000000000000000000020000000000000000000000200000000000000000000000000000000000000000000000
0000000002220000000000000000220000000000044000000002200000000000000000000000000000000000000000000000
0000000002222220000000000000220000002200022222222202200000000000000000000000000000000010000000000000
0000000002222222222200000000222000000000011111111101100000000000000000000000000000000011000000000000
4444444422222222222222222200222000000000001111111101100000000441000004441000000000000011100000000000
2222222222222222222222222200222222222200001111111101100011111111111111111111111110111111111111111111
1111111111111111111111111100111111111100011111111100000011111111111111100000000000111111111111111111
1111111111111111111111111100111111111000011111111111166611111111111111101111111111111111111111111111
1111111111111111111111111100000000000000111111111111100011111111111111100000000000001111111111111111
1111111111111111111111111100111111110000111111111111110011111111111111111111111111101111111111111111
1111111111111111111111111144111111111100111111111111110011111111111113000000000000001111111111111111
1111111111111111111111111111111111111100111111111111110011111111111111111111111111111111111111111111
1111111111111111111111111111111111111100111111111111110011111111111111111111111111111111111111111111
-1500
150