0000000000000000000000000000000000000000000000000050000000002000000000000000000000000000000000000000
0000000000000000000000000006060000000000000000000070000000000000000000000000000000000000000000000000
0000000000000000000000000006660000000004400000000070000200000000200000000000000000000000000000000000
0000000000000000000000000006660000000222222202222220000000000000222000000000000000000000000000000000
0000000000000000000622226006660006444211600006000000000002000000212222000000000000000000000000000000
0000000000000000000611116006660056222211606666066660000000000002211112220000000000006606600000000000
0000000000400066000611116006660006111111600000061160000000004442211111122222200000000606000000000000
2222226066600000006611116006665006111111666666661162222222222222211111111111222222222606222222222222
1111116000000000006111116006660006111111111111111111111666666666666666666666666666666606111111111111
1111116666000000006111116006660056111111111111111111111630000000000000000000000000000006111111111111
1111111116550000006111116000000006111111111111111111111666666666666666666666666666666666111111111111
1111111116770000056111116666666666111111111111111111111111111111111111111111111111111111111111111111
1111111116770000076111111111111111111111111111111111111111111111111111111111111111111111111111111111
1111111116666666666111111111111111111111111111111111111111111111111111111111111111111111111111111111
1111111111111111111111111111111111111111111111111111111111111111111111111111111111111111111111111111
-1500
500