0000000000000000000000000000000000000000000000000000000909090000000000000000000000000000000000000050
0000000000000000000000000000000000000000000000000000000999990000000000000000000000000000000000000050
0000000000000000000000000000000000400000000004000000000999990000000000000000000000000000000000000555
0000000000000000000000909090000004909000000909490000000999990000000000000000000000000000000000000555
0000000000000000000000999990000099999000000999990000000000000000000000000000000000000000000000000555
0000000000000000000000999990000099999000000999990000000999999000000000000000000000000000040000000555
0000000000000000004440999994400999999444444999994444444999994444444400444000000000444000050000000535
7575757575757575757570757575700975757575757575757575757575757575757500757000000075757575757575750505
1111111111111111111170777777707711111111111111111111111111111111111100111000000571111111111111150005
1111111111111111111170000000007111111111111111111111111111111111111100000000044451111111111111155555
1111111111111111111170777777777111111111111111111111111111111111111111111666666611111111111111111111
1111111111111111111170711111111111111111111111111111111111111111111111111000000011111111111111111111
1111111111111111111170711111111111111111111111111111111111111111111111111000000011111111111111111111
1111111111111111111170711111111111111111111111111111111111111111111111111000000011111111111111111111
1111111111111111111170711111111111111111111111111111111111111111111111111000000011111111111111111111
-1500
150