0000000000000000000000000000000000000000000000000000000000000000000000000000000000000000000000000000
0000000000000000000000000000000000000000000000000000000000000000000000000000000000000000000000000000
0000000000000000000000000000000000000000000000000000000000000000000000000000000000000000000000000000
0000000000000000000000000222222222222200000000000000000000000000000000000000000000000000000000000000
0000000000000000000000000000000000011111111100000000000000000000000001111111000000000000000000000000
2222222220000000000000000000000000000022222222000000000000000000000001111111000000000000000000000000
0000222222222220000000000000000000011111111111110000000000000000000002222222222222200000000000000000
2222222222222222222200022222222222222222222222222222222220000000111111111111111111111111111111111111
1111111111111111111100011111111111111111111111111111111111111111111111111111111111111111111111111111
1111111111111111111100011111111111111111111111111111111111111111111111111111111111111111111111111111
1111111111111111111100011111111111111111111111111111111111111111111111111111111111111111111111111111
1111111111111111111100011111111111111111111111111111111111111111111111111111111111111111111111111111
1111111111111111111100011111111111111111111111111111111111111111111111111111111111111111111111111111
1111111111111111111100011111111111111111111111111111111111111111111111111111111111111111111111111111
90,17
10,17