0000000000000000000000000000000000000000000000000000000000000000000000000000000000000000000000000000
0000000000000000000000000000000000000000000000000000000000000000000000000000000000000000000000000000
0000000000000000000000000000000000000000000000000000000000000000000000000000000000000000000000000000
0000000000000000000000000000000002000000000000000000000000000000000000000000000000000000000000000000
0000000000000000000000000000000022020000000000000000000000000000200000022000000000000000000000000000
0000000000000000000000000000000212020020000000000000000000000000000000002000000000000000000000000000
0000000000000000000000000000002112222220000000000000000000022222222222222200022222222222222222222222
2222222222222222222222222222222222222222222222022222200222221111111111111111011111111111111111111111
1111111111111111111111111111111111111111111111000111100111110001000100010001111111111111111111111111
1111111111111111111111111111111111111111111111110000000001111011011101111011111111111111111111111111
1111111111111111111111111111111111111111111111111111110000111011000110111011111111111111111111111111
1111111111111111111111111111111111111111111111111111111111111011011111011011111111111111111111111111
1111111111111111111111111111111111111111111111111111111111111011000100011011111111111111111111111111
1111111111111111111111111111111111111111111111111111111111111111111111111111111111111111111111111110